2.887136897471443975e-01
6.928835572556816258e-01
1.829840632830667668e-01
3.624829623331250750e-02
1.064260768528744600e-01
3.702983641392935954e-02
4.515913000513141484e-03
2.025486394985323568e-02
9.217535642609849672e-03
3.418672242128162342e-01
6.190695483920313075e-02
1.140135149343431305e-02
1.742294784140574204e-01
8.935259685897163351e-01
2.317259627750977227e-02
5.465232534885302272e-03
2.579006021656520264e-01
1.564351329510717985e-04
2.370987716638519541e-03
4.483723341852685618e-01
2.965026418806880344e-05
1.799398060940720634e-01
8.251576989326676837e-04
9.253178794156435849e-03
4.766066220983007401e-04
1.801603436017645277e-01
1.091512147522732089e-03
4.394834922814551403e-02
2.489322620352327903e-02
4.992689782998378512e-01
2.187532262016562805e-03
6.148216079194782427e-03
3.431242908704911776e-01
1.075376877208413721e-04
8.315201885738868464e-04
5.433902343631847156e-04
3.044846171189787010e-02
2.626873828892774543e-01
2.042102296224306002e-02
1.181990171917456783e-01
2.157827859810376031e-02
3.398743130904582823e-04
6.063912716870167689e-03
5.182467348268704477e-02
3.063145304921460668e-03
3.419077206388609295e-03
5.006503608109561521e-01
8.941942159735068521e-03
1.193444101227919595e-03
2.934073754343557439e-01
9.103254358865786600e-01
3.878136937477109913e-02
3.693953215819808025e-03
7.363161368343519309e-01
4.494296666777701232e-01
2.463651974167438852e-03
2.528470651000530589e-02
1.467812272938017089e-02
6.427010495951268046e-04
1.518509671161063362e-02
1.120976232029280997e-04
3.384366985234924224e-03
1.525611207078970445e-02
1.908773937297749135e-01
2.824756099972159013e-04
7.521518525634751651e-01
6.174844919845211147e-04
1.297887266482053393e-03
3.274550063881109113e-02
5.469322477374077320e-03
5.027835938236213144e-03
5.800358427976029518e-02
1.786213808502788193e-03
2.112771194783172046e-01
4.555006071671179879e-01
3.626976647707433766e-04
1.421970139367162173e-03
5.672108173076326632e-04
6.312782917891213846e-03
1.863592959839733831e-01
9.652917847119538708e-01
1.285524294032625858e-01
3.361083714012245006e-04
1.786391289348162421e-03
1.732061823000372567e-04
8.999568788225529442e-03
7.462135104942831110e-02
4.372996079644597429e-04
4.437927435626608068e-03
2.339725302990889721e-03
3.083425922155020871e-01
3.575011986679091369e-01
1.220037856614985313e-03
2.832940051717615371e-03
9.772387149288569441e-01
7.378935590931215982e-01
2.499052663906148352e-04
1.787526885412009381e-02
1.461448115802973071e-03
1.481070562180324679e-01
3.599356320363050494e-03
8.925867893737982062e-02
3.146666917975387556e-01
1.633132428418830953e-02
1.855704270111760770e-02
2.504910930426510959e-03
3.992000480788516527e-03
7.757754471900363356e-04
3.585848838925149301e-02
8.913305277236454119e-03
1.283617217612765815e-01
1.506659276620952472e-04
1.744207751487196478e-03
7.593389284947688576e-03
3.634264952850722457e-05
3.840130229372168153e-03
2.359096957468928002e-01
7.199889879655031447e-06
1.823705541737064700e-02
6.384983927254714864e-01
1.050396736461709586e-04
2.340795695230354304e-03
3.867443494222913818e-03
1.813398577258919786e-01
1.440778271132472088e-01
1.505303359744895320e-01
5.801565926659461164e-02
3.547753164284746519e-01
2.068311036793340271e-03
2.380304386762239002e-02
2.574420937030128843e-03
8.134130333219014714e-03
6.725310599911134002e-01
1.742946113360785768e-02
1.175090782941279680e-02
7.309278829583830406e-02
5.695881228735966010e-04
3.812189960493840568e-02
5.947342309418963182e-05
7.278478749356817384e-04
6.574780044453205994e-04
7.265345957493871132e-02
4.331837888315425572e-02
4.697861220361162701e-03
3.895848587582385674e-04
2.093213109572594776e-04
4.940321644946731559e-03
4.135968300645405556e-03
9.229211383428016736e-04
2.818551996593006426e-02
6.820223097286939873e-02
4.327027210499605756e-05
3.669170948239416918e-03
8.937597180423127480e-05
8.167536059219145939e-01
1.628455362377438931e-01
5.998663722607403166e-03
1.179178390899870095e-05
5.286737062767858306e-03
1.689046460409859797e-03
5.201885772769956340e-01
1.736753224440233494e-03
7.955126230475559129e-05
3.125278997270836828e-02
2.569962390551364540e-03
9.195997343567261506e-01
4.602044009871823424e-03
5.315186810576958375e-03
1.543022959335820025e-05
7.415741371763758666e-03
9.865233134835182244e-03
1.947262268585890285e-02
5.684589308680648712e-01
4.453739097026255915e-03
5.085478497566603417e-01
2.991861438163287423e-01
6.104105444959767590e-01
6.014256048997703580e-02
1.198455572209252279e-01
8.895786799034126335e-03
1.517871904521529182e-02
7.899118740774999092e-02
6.244975809673078415e-02
6.335593438636208559e-03
7.528636776974253486e-01
2.070159032661745505e-03
5.174671004145841701e-04
1.333937824145463302e-01
3.682177738221739834e-03
3.863333184604569957e-03
1.458777301494761037e-04
2.211682858823897993e-02
5.282638118860907318e-03
6.165225600284655405e-04
1.615221004152915529e-01
2.457283894609677780e-04
1.064450697314998917e-03
3.070599005348857991e-01
6.540560510724735543e-01
1.631060026209492642e-01
6.763560342284351268e-02
3.367081551765335745e-02
1.342795102469189657e-02
3.998871230265051840e-02
1.674359640949913547e-02
4.443737528403775006e-01
2.595060635137945715e-01
1.365291211142649896e-01
2.642875711112912390e-02
2.189349964591036715e-02
2.764881943801413174e-03
3.265152870512308755e-05
4.170106387650468482e-02
1.100648273749463002e-01
1.456418706960908027e-01
2.407939835342842380e-02
6.921713310545714315e-02
4.147871154958787145e-03
4.015826573994250685e-03
5.565982343889566142e-01
1.089764823934339689e-02
6.182844474613318972e-03
2.934827079756729615e-02
7.418771195933894979e-04
3.529165243909925254e-01
4.062773060441090545e-01
3.305095362862289221e-01
1.506834565947397231e-02
3.825336609778090362e-03
6.711549359340998611e-03
2.163828143618660715e-01
7.738932216408843379e-02
6.975043448868256148e-03
4.942037073759270038e-02
1.799938010519278875e-01
1.442213849689749292e-02
2.024519851402876644e-02
1.813814466591515684e-01
4.196926071931772473e-02
1.991233048523454320e-04
3.869440985046709164e-02
3.842286558691521831e-02
9.008524664859011988e-03
1.660131191727471506e-02
8.587404393663035373e-02
9.884055785065344324e-01
2.864178832040488731e-01
2.505092255334261941e-01
5.246190927742429982e-02
8.314238837743946620e-02
6.318816913817498770e-02
6.368030965380171438e-01
6.573087330566717906e-04
4.732821993086698824e-04
8.016969263414205904e-03
7.221201113039418806e-02
1.181835630619622046e-01
1.375414702797777937e-02
1.805909026235155831e-03
1.054202610840845991e-05
1.199540688842396126e-02
1.313055784722688413e-01
1.769482174905099095e-04
2.639700797548675815e-01
8.478733653161715789e-02
1.056132024925843238e-02
4.140990959601083699e-04
6.093659692285056106e-01
7.876320597775615662e-02
1.364735598553574493e-02
5.371567826116963040e-02
9.168903929281447748e-03
2.894625854591669628e-03
5.267845698217594325e-02
7.997291288234989817e-03
2.431898985816206837e-02
6.727049983646236908e-02
6.514045103977768036e-01
4.070725122541210130e-06
9.427504492659542767e-02
6.535029755848296151e-01
1.348573191048733910e-01
1.010789734326683481e-01
7.261419664407053887e-02
6.834457275019410749e-02
2.995943243665007485e-03
7.363772270712103385e-01
1.799307980747387459e-01
1.753286578054483180e-01
9.090051679675194632e-03
2.982457480411172097e-04
7.001439573012894222e-04
1.236080518954008334e-01
2.866398543768793744e-02
1.555719074197446095e-01
1.160840090723114871e-04
3.420791725159921803e-01
1.339836265203580082e-04
9.542410971301576797e-03
8.887277729356013803e-03
1.074102393526879112e-01
4.550579724168268281e-01
3.140068600585758408e-03
2.427803192668441523e-02
3.564498961978464046e-03
1.070741803941298488e-04
5.777386368657980859e-02
9.485117373328477014e-03
1.340374062379808169e-02
1.078684004930530920e-03
1.878633131354726371e-01
4.371727454740434384e-04
4.711959151255426526e-02
1.674443317291461897e-01
4.481184648864402646e-05
4.275295331722523719e-03
2.078290739596351522e-01
4.868531284629711020e-03
2.561528517181253317e-05
2.021719810932715022e-03
4.884046438937814788e-02
1.975907243231640829e-03
6.192736778003185005e-01
2.375889881978051309e-03
2.370047422380309673e-02
1.309358808346130880e-02
1.953443578239491205e-02
1.387135132462796489e-04
1.598185099372225956e-02
1.644432328793542508e-01
9.984352656712026930e-03
1.397371326302569066e-03
1.191301108169219303e-01
2.181405414168916478e-04
1.886583337546395567e-01
5.032398553850973011e-01
5.830442138304068418e-04
3.246149352837154444e-05
6.299572380971789620e-01
6.664283564992455888e-01
3.465031053747364694e-05
4.868227515839981443e-04
9.916946208924726225e-02
3.426397239766803063e-03
4.902822736470791032e-01
1.733107903200164779e-01
3.452128181968807108e-01
4.666520318757841901e-01
6.726596740936258145e-01
8.441515793677273338e-02
4.596621701716722226e-04
5.033453642737443223e-01
7.703129298114000140e-05
1.832921568069970780e-02
9.456119775418238005e-01
3.281930026539001816e-02
9.409244876747020481e-01
9.581695207608724452e-02
1.063156305959854220e-01
7.181164000411990705e-06
2.092652068891313790e-05
2.627046527337380533e-01
9.968051517533109696e-01
6.027627283372084532e-01
1.419055898477495758e-03
7.272656113170355638e-04
9.931312577107400796e-04
1.667781424857854577e-01
5.699831101571646297e-01
1.567516851640121190e-03
1.951906153319880599e-01
4.492666987169964543e-02
6.970917306055995910e-01
1.279334956059668831e-05
3.607508214115465964e-03
2.492112436325726087e-04
1.559186580991537285e-01
3.485472579538365090e-02
1.012294147222122555e-02
5.964141944024273778e-01
2.178227961551137126e-01
1.101866531786640938e-03
1.668249079392903345e-01
1.243229514928184502e-02
2.568279246113336356e-01
9.980302797844191609e-01
1.036091437233017422e-02
5.193555570737387996e-04
7.670779372087784820e-01
9.707570279750237230e-01
1.912901712345909094e-03
4.254314619475615153e-04
1.066247659183312962e-01
6.776242453485232901e-03
3.263357414114483306e-03
2.715352933734113683e-01
2.210464771718211735e-02
3.512758286533343433e-02
3.258638198558930915e-02
6.477122818790601033e-02
3.165101373778370641e-01
2.672231051451270378e-01
1.790189314574829483e-04
2.926448448073972353e-03
1.455723434122153936e-04
1.004110838725692373e-01
1.498449407592043203e-01
2.924301371810858474e-02
1.387499976106156829e-01
1.382799352385630232e-01
5.568854786190015685e-03
6.275290727921974121e-02
5.872561620103903257e-01
4.107334777986909082e-03
6.373937514565337914e-03
1.189336706112851388e-01
4.502682345990487445e-01
5.913687746594602050e-03
1.479026237045776362e-02
5.751845596459961504e-03
5.528660222149214820e-02
1.456584607760726645e-03
7.343590189268794748e-03
2.357725405332295094e-04
2.724912103067536184e-03
2.640247526649697890e-03
3.054335501426019145e-02
7.142054605093418190e-03
6.119474204017670560e-03
9.358669386692637371e-01
9.705085884040902666e-01
4.410517429923956068e-02
1.170601696870054449e-05
2.268574827251555043e-02
2.506188247311314649e-02
1.920832922044469560e-03
1.473163052494515755e-02
7.068757150393381039e-01
1.890142035936671211e-03
2.722593803613621577e-01
7.371968368324526705e-03
1.539672570728432832e-01
4.612205871051047994e-04
4.002617912685519502e-02
1.849559565684300369e-03
1.238907746726199133e-02
2.686055091114430797e-03
2.245652645983762033e-03
5.878607880646162217e-04
7.761654154080807611e-02
8.234665137943203428e-02
3.139518944860736349e-01
3.428912462702474878e-02
8.983579141341881125e-03
4.609035413143797860e-03
1.547194309116658451e-01
9.371269531943472453e-01
6.747763891054442409e-02
3.822749326263544245e-02
2.211717047460561719e-03
8.938731711295361260e-03
4.003142509072748351e-02
1.626747811287738640e-02
2.319017450810376916e-03
6.547405531586877013e-04
2.553651773161080829e-02
3.885586157630897168e-04
3.690078883389880104e-02
8.088115961835642964e-02
1.134338032871853603e-03
9.913366139003156052e-02
9.877407993425384169e-02
4.609937241202617816e-04
5.361785476469785490e-04
8.684404012061688188e-03
2.253889338134878462e-01
2.130255622437252777e-02
6.560358344841378531e-02
7.447672292012679461e-03
8.495774686758217993e-04
4.824932439260316147e-03
3.031307916453675547e-03
9.943480661908858220e-04
1.452193018350669308e-02
7.803099829435033996e-01
2.196220449064503061e-02
6.881203929545212303e-03
5.028234770654489427e-01
2.825469798129072972e-03
1.275020520822981232e-04
8.294650351633617857e-01
1.721543666700762754e-01
1.058194171120945271e-01
2.112146428604932402e-01
1.169302805728911129e-04
9.079990465363502530e-03
6.194311278262560651e-03
1.365209811024502111e-02
8.385844743735079154e-01
7.702902941319621395e-05
9.858801786652259327e-03
8.817454296313427531e-02
2.072582604349415894e-02
2.464632419885773578e-05
8.896787534409670781e-03
8.753374084466502116e-04
6.720857849415118324e-02
1.654164523547679497e-02
2.135216454895723093e-01
1.205847007143524552e-01
5.263464215765286669e-01
9.480888573842911615e-01
2.823190601684924268e-03
7.985454362834815134e-01
1.993895974634521395e-02
7.563057917931236863e-03
1.222747210329412680e-03
3.389539394724641434e-04
3.420344724063469344e-01
1.406015226427529059e-04
1.230774025553713902e-01
1.141594661641303354e-01
2.086145359652443951e-02
2.933050584900951940e-01
5.091056979083640188e-01
1.085336498745693946e-03
1.792079157678414802e-01
2.246061828836546422e-04
1.588347079606726881e-05
2.233557021061750164e-03
8.519635740010590361e-03
1.315188281150022481e-02
1.494379361525989807e-03
3.607013150181401784e-01
2.530600809997906892e-03
9.734737141933846871e-01
1.465995038225935973e-03
7.993723496181812105e-03
1.062482910807040042e-03
6.072715926640747004e-03
5.407696951553503557e-04
4.138392762549936155e-01
4.523526559159770180e-04
5.702042764648981334e-03
8.512526254092774858e-01
8.949768175087533103e-04
5.329851558229264930e-03
1.466574898492915557e-01
1.127199334826751997e-01
1.216907048696924329e-02
3.311318553611038032e-05
3.684555747531121912e-04
3.008010067933141948e-02
2.924946360052682755e-04
6.546826689242102142e-03
2.112532628943652232e-03
1.766330270393183088e-03
2.111891894294457787e-03
2.433207438153951220e-03
1.168874464561783658e-03
4.063708928898476986e-04
8.645882086210124329e-02
2.638660644073881900e-01
2.912115282135595219e-04
8.396969101752498332e-01
1.239863868512946082e-01
2.308059562770037321e-02
9.667882795131537907e-03
1.056738089849119022e-03
3.937367785412125842e-01
1.697194622204518596e-02
6.567942167589486784e-03
9.272561159208601508e-04
8.104394762260030971e-01
1.214836013913292573e-01
4.109906811672449367e-02
3.350050950644430613e-03
1.194039548907224101e-05
2.872422141953152180e-02
3.204763708677888304e-03
1.368660932543724158e-03
2.917909440456954110e-03
1.128990800423879511e-04
2.439490600165715173e-01
3.211472471876708219e-03
6.510273721529388213e-01
1.341200501038081749e-01
2.412038121164535309e-01
2.665993235897222945e-03
3.134258808449116168e-02
8.268579200914140115e-01
4.186642354549281395e-03
1.893893042796435458e-02
8.760461338467971926e-01
2.848604150578110464e-02
2.426196291875895236e-04
1.878315705158332682e-01
1.737155314238431753e-02
4.521815255503305181e-02
1.181767752327291948e-01
3.256778941015563145e-02
3.186387050215867323e-04
1.321011618141819605e-03
1.663889871156918610e-01
6.464536363440823719e-01
6.610085052092116997e-02
6.306162235029062757e-03
3.568838237803419883e-02
5.407632680472838557e-03
1.968734557272723822e-03
2.394647403361016003e-01
9.671422523863443255e-01
5.348323314039743091e-04
1.436550015938865550e-04
3.174326412031285276e-03
8.887515756702655742e-03
6.664783907439551965e-03
3.260934242711268131e-04
5.245683078952984718e-02
4.303527532133194500e-01
9.595944721630415009e-01
1.048952331290449198e-03
1.534266550749816549e-01
2.346918733917191427e-04
2.534894517893145766e-02
4.834997125645058152e-02
1.274106465868554972e-01
8.836826109062577428e-02
6.223365395451119220e-01
1.326531944547886021e-03
7.295409949526310972e-03
1.584817477353488852e-02
4.144829858345258078e-01
2.109823738971790806e-04
9.726084669111187755e-03
1.471951846458529248e-05
2.210146991215022460e-03
3.522438483857363595e-03
3.431228791939022315e-03
1.918623898085753928e-03
3.519691202138381381e-01
1.349937516233527193e-05
5.911728761073053312e-02
5.651488560036324691e-04
3.680143432459949404e-02
9.744320566347216628e-04
2.257275614455142854e-01
2.559347619361461712e-01
5.423001532898946708e-01
1.137480095843799869e-03
8.306025118038666832e-01
5.204335917172269177e-01
5.473735284874728935e-01
5.560975332509875656e-03
6.999617608381717426e-01
2.583428299763445429e-03
6.876732865780693649e-01
3.170971352710363900e-02
3.592254933110254015e-03
2.858149078295189021e-06
4.819901192807316687e-03
4.076347065035464817e-02
6.357107557352943174e-03
3.936056629587070810e-01
1.252372677061146244e-01
1.621662614085390280e-02
1.399775752871677131e-03
9.041497631602357643e-02
8.246773318667843800e-02
2.543292290979541903e-01
2.145707053957743027e-01
1.859495308083607412e-01
4.243645515117405176e-01
1.423528905942518345e-03
1.095490231644931497e-03
5.243763640808688691e-04
7.053542505723836564e-02
6.579247372665717464e-01
1.206618505647316514e-01
3.158963868851020207e-01
1.383783921557837360e-01
4.489245011148863622e-04
5.234389889723020835e-03
2.041147566716467257e-02
6.800338215055967694e-01
1.943725375807148562e-02
5.759405481624633172e-01
1.188589643310582721e-02
4.117227190061994307e-02
1.125182217093687216e-02
3.060632116911226608e-01
4.812915560625644767e-02
9.862511365863155244e-02
3.229199041649523094e-01
2.181083941289505435e-03
6.273027408622633416e-02
5.450221589811550180e-03
1.026770363530642014e-04
3.944808457953211003e-04
1.710235335861114364e-03
5.797890247347945499e-04
3.772845126503288765e-02
8.721539884002230125e-02
2.370996153566967083e-03
5.674767304804038265e-02
3.113863814828778803e-03
6.520642898994163938e-02
4.571228219572220745e-03
1.382885591742772091e-01
3.990440509721598743e-03
9.996431916142585195e-01
2.246698460199940753e-03
4.127617137583948774e-04
1.456179758629030409e-03
7.446982076083316290e-03
9.818119195559363854e-01
1.144850235809477621e-03
2.773841588459888818e-01
1.019412751196938499e-01
3.910312406118771067e-01
1.564590061622565531e-01
1.826915146019017500e-01
2.003039810999236725e-01
9.727762991648414292e-02
2.385183759562768332e-02
4.004687775836992571e-03
2.702522380158185744e-02
1.499509601453342111e-01
1.349166923688822906e-01
1.350427357617797969e-03
6.508026325061873341e-03
1.182614126298237381e-02
1.864195587036523446e-05
6.489301912397394886e-03
2.252100587387963759e-01
1.025143356936013446e-02
3.692304211840298760e-03
1.025655116838819492e-01
2.660345653800001431e-01
9.192075211757166908e-02
1.891447790325225808e-01
2.439142932731279466e-04
1.263770121473577202e-01
4.109212217474011129e-03
5.093400113809454927e-02
1.253810753747140565e-02
6.259260131477456524e-02
7.824918898657537980e-01
2.511343179040362045e-03
9.230324546258796697e-03
3.117977774992488228e-03
5.748184139645526880e-01
3.307890023461285069e-04
1.830485865196679459e-03
1.665569493394648271e-01
9.466222102563736631e-04
9.344563365675850886e-01
4.079540198847220744e-01
1.880047594042712766e-01
1.091740568139618409e-02
7.500452915661755086e-03
3.536101666799110199e-02
4.153673564047148381e-01
7.134624229312145662e-05
1.988832574887323609e-02
4.570119352643213506e-02
7.707020604650513529e-02
6.578512084490231553e-03
1.493970363021706813e-02
3.822134226285003322e-01
5.005131551621597730e-01
1.954985294836163734e-01
2.710053355372047945e-01
8.171018245688503828e-05
3.641603046946871071e-04
2.456850441032483803e-02
3.358046089354477792e-01
3.868667529735943158e-03
9.323989870242992140e-02
1.488368030787399219e-03
1.449806589971621568e-03
1.511158508285248558e-02
2.418265118453944151e-01
3.634961416881664527e-03
3.852746758051227294e-02
1.422057347570523586e-02
1.461239972813250902e-02
9.042193312443589520e-05
4.931191635975622489e-01
1.026670299554309669e-03
2.930994721118585986e-02
2.654691887462734198e-02
1.815930881033044342e-01
1.176136941185755985e-01
2.324234446208563731e-01
5.858724588718430826e-02
9.567120940419339328e-04
1.817175769621707515e-01
4.083745395622642715e-02
4.855774387721313590e-03
9.450390996886803819e-05
2.254544626399092866e-01
5.942045898005198640e-02
1.357562035632679798e-02
1.337208427087163047e-03
2.151890389186595439e-04
6.826795550767528198e-01
6.562216913380870559e-04
1.901158402249635579e-04
4.758425588461407253e-05
2.600429016487602885e-02
2.487614663183485286e-01
4.505788707939154501e-03
7.935381455069199230e-01
1.940228329344410863e-01
3.326035771062496593e-02
3.597928840667481178e-03
8.767869768467224934e-02
4.999098537520710317e-02
1.808096449173791087e-01
4.436136038531170167e-02
1.936381075366463977e-02
6.953025827034879924e-01
1.573836451340629439e-01
1.492570533910495814e-04
1.292984793943991123e-03
1.880685323202400819e-03
6.699354358266550137e-04
8.003813577429975956e-02
5.842602574535096964e-06
1.734897424379218400e-03
7.108197954467142254e-02
7.270237380816091388e-02
9.648984161977530727e-01
3.799270167695558060e-04
3.229211453777673917e-03
1.287347171396887235e-03
2.888897564697828223e-05
4.523159879734272443e-02
9.771905101723166176e-02
3.734369161306342385e-04
9.864437556113631045e-01
8.393649116798379550e-04
5.191252298102104132e-04
1.673131076343277804e-02
1.012939953029936002e-01
9.134550506220978291e-03
3.502000797034022228e-01
2.975714115269498250e-01
3.295603202010321392e-02
1.439160644032122646e-03
1.387311806814028794e-03
8.472481586632122242e-04
2.620564772695333500e-01
1.153982148055772948e-03
2.208638309228316485e-02
3.931472444676025607e-02
6.903130829394008572e-01
4.217931969539011061e-01
1.267735662657462972e-02
1.930157712559384675e-01
2.672596673514666607e-02
9.471057818516277066e-03
8.729698448087707058e-04
6.994473053100483612e-04
2.136800461772602258e-03
4.961799109891477655e-01
9.985253338657414102e-02
7.502728376562838031e-02
4.185975832743935726e-02
4.783368032226223941e-03
3.706698240813849909e-01
4.010105730394166942e-03
1.339318974575892662e-02
2.387281973095189708e-03
1.265155278085608318e-04
2.179308588641140979e-02
1.960758986786295959e-05
1.224912403199218897e-03
2.794027504795066827e-02
2.923898792835864097e-02
5.445184021247895245e-02
1.033008052718060793e-03
3.244238187939028038e-04
8.119433110530847181e-03
2.995377917740911847e-02
7.121410715459068896e-01
8.619984635937116141e-03
1.510704764962755332e-02
2.365512531206250923e-04
4.327634329035870940e-03
1.366156482192944633e-04
2.021041957395189499e-03
4.564244044615419632e-02
3.790481297080054712e-02
2.653897198007447167e-01
5.390243995270348476e-01
1.332806103058746180e-03
2.765966837253424054e-03
1.487050847163864653e-01
6.168404986240873938e-02
7.245670445668517777e-03
4.383888483946346061e-04
5.566947019158077509e-04
5.147316242057236105e-03
1.284405621108388081e-02
1.373985023144263205e-02
7.370749015597827247e-02
8.056640667797860811e-01
5.056481435296600324e-01
5.167458526050502932e-02
2.329049749355724744e-02
7.372545438335528778e-02
4.199568433194143066e-06
4.027595628180800635e-01
9.521304319277578143e-01
9.113386295040204477e-01
1.528535369065847083e-01
2.129755108033094672e-04
6.986677707299597528e-03
2.602148902876695591e-02
5.303034362071419594e-03
4.305426297882456550e-04
1.671332061611628395e-01
2.010204394368962644e-03
5.171130636006689499e-03
2.088929242715880166e-02
4.768211431137744927e-03
2.897918302414384528e-02
6.847219570019323501e-04
1.389235765614913742e-01
1.056673111999444081e-02
5.577956010768937191e-03
6.093571884167272579e-01
9.004751547230012143e-01
6.767283185238535947e-02
4.621711037184108792e-03
6.781521429661074851e-02
6.327328745657230091e-05
6.197577864707215500e-01
1.346469926339503896e-03
1.471179393651984302e-01
5.225082688448497992e-01
8.400573656750540685e-01
3.418659640523086067e-03
6.303539011789459634e-01
8.745269191969469794e-03
5.293631014506154121e-04
2.498170726745144871e-02
4.542417071004619267e-04
2.516441610084230729e-01
2.133238645218613430e-05
2.104423347177357623e-04
1.789420170324826516e-04
4.092565918713600686e-04
1.965501884504736955e-03
1.033778848532589945e-01
4.027473537809968945e-02
2.183730872139409696e-01
1.828074792816231434e-02
9.158586841405527146e-01
7.684822846313747735e-02
9.248384798007387286e-04
7.533368110610534542e-04
2.492346232605853751e-01
1.154171210703844812e-04
6.656281630182218044e-03
1.752509919664590110e-03
4.512544699934665626e-04
2.208262218130024601e-01
3.352314838861903019e-04
3.238171545610294411e-01
1.599564209480277832e-01
6.135563401529459115e-03
9.727030174931406174e-04
1.438412869258770543e-01
2.807047056406696828e-01
1.980147773522456314e-02
5.590375361632712869e-02
1.458918589508695698e-02
2.203486746648806310e-03
4.810280250612169149e-03
6.448570547731980037e-04
3.959389156555843253e-02
1.268576614377823212e-05
1.482762914034556692e-02
1.978024391161932374e-04
5.839603177457059965e-03
9.339939774036196685e-01
3.704095412750236377e-02
8.416547711496347867e-03
3.808911236327022299e-04
6.098475350012797294e-03
5.507707105394421543e-02
1.932243857290114270e-03
1.955235885823949568e-02
1.221781948824802455e-01
1.903683268332499756e-04
6.060916683710606406e-02
3.070979536563476775e-01
9.967617332930568397e-01
9.297390853669288413e-01
9.899976714177703974e-01
9.867787321043630655e-01
9.902920514006150476e-01
4.718404927136148896e-01
8.334412230698385882e-01
8.992959259637524072e-01
9.969371068887952214e-01
2.998778942462191344e-01
9.624007737044067978e-01
9.608587347366612796e-01
3.631408410800915920e-01
9.972400818598685657e-01
9.810868539514282505e-01
2.651431934982274585e-01
9.860508415291002748e-01
9.547596897890363588e-01
9.697992827180021980e-01
9.584921517153688342e-01
8.586022692018634439e-01
9.993262131601098330e-01
9.908069953354370352e-01
5.672109570855462524e-01
9.834929575217432607e-01
9.676957802270015341e-01
9.190600082641289248e-01
9.577480867233050255e-01
9.890784726682051442e-01
9.067483243069480725e-01
7.959723286387264674e-01
9.842145448819212827e-01
5.866462184297870364e-01
9.947480763613748556e-01
9.995848011156339696e-01
6.620845025864960931e-01
9.949272161425806171e-01
6.638526596804635860e-01
9.716863698910688241e-01
7.535048768903490624e-01
9.341656719492609229e-01
3.005255953454771811e-01
8.471724207323078071e-01
9.760929589414124585e-01
4.866608969186391742e-01
9.467249783701805477e-01
9.489086665828153633e-01
9.507922736681031495e-01
9.977853411129296024e-01
9.984101443285778865e-01
9.753935495320944504e-01
8.557787968792034405e-01
7.099790433771634435e-01
9.929138051614289084e-01
8.785018994772640921e-01
9.710268616876776004e-01
8.164228507007446067e-01
7.777894394821118773e-01
9.990252233710530394e-01
9.249145701717755852e-01
9.908211123381971408e-01
9.888040241718182299e-01
9.968787082423793411e-01
6.331147793130891266e-01
8.266999411060452774e-01
7.722463473501051112e-01
2.592145662807092688e-01
7.261739836448216634e-01
9.514768297098036287e-01
8.744254223008340876e-01
6.129948130826632369e-01
8.671858853373725085e-01
9.532861214950825168e-01
6.284759154465332509e-01
5.964673484530121916e-01
9.975327945929477469e-01
9.194737526672566164e-01
9.942485381422443425e-01
9.465528705133108289e-01
9.995475932251199902e-01
7.859590223980256196e-01
9.794039542936793241e-01
9.602829888866492025e-01
9.793487691948455920e-01
8.802920850377464745e-01
9.441132478164256936e-01
6.015199282844543305e-01
9.322235236095319788e-01
2.653508973436011220e-01
9.445726408070124203e-01
7.764739524937575021e-01
3.371593830769477051e-01
9.926583697811388607e-01
7.969614325870995053e-01
8.730581845898550686e-01
9.455186853521999613e-01
9.012326519805953229e-01
9.473400812482014599e-01
9.939616788014399296e-01
9.570248801655534265e-01
