5.201537998239817023e-02
2.002377614142592244e-01
4.009382203361679803e-02
1.164711892969673077e-02
1.332178041798355757e-02
4.484373139504568319e-03
1.327266710582222743e-03
5.715122762629667313e-03
3.362828180351878828e-03
5.574719997496885293e-02
1.813613900469495180e-02
3.355931280366039778e-03
4.824097576500501611e-02
4.137884175971568435e-01
8.845559481230854879e-03
1.673094496262668733e-03
4.255167397730449247e-02
1.145261593711922627e-04
1.177013720541958755e-03
5.816463396682191450e-02
7.827694680746810109e-06
2.666497330508351901e-02
4.029930307489918220e-04
2.783379563554510237e-03
1.951019672597705847e-04
3.240175026267616554e-02
5.443494898612522177e-04
8.209513867064477388e-03
7.151736236674644843e-03
4.612542726540679039e-02
9.622654485559503212e-04
2.017288137729478324e-03
4.982124503466016374e-02
6.045337202773998648e-05
7.649545527833462050e-04
1.094847348631053689e-04
6.835522365371156199e-03
1.370251860298910551e-01
4.017245515054370698e-03
1.799110789751915199e-02
8.339158583559774449e-03
2.058783311891735756e-04
8.783305472859341025e-04
1.714728760586922696e-02
8.427708067515115795e-04
8.142251963194381548e-04
6.989624261188696897e-02
1.466544361001976323e-03
3.322807975544747844e-04
2.801300757415897333e-02
4.417870774315912907e-01
7.712637608308607964e-03
8.495789663940671223e-04
2.051340337007900860e-01
8.117943116636562595e-02
1.019146388222031850e-03
6.432426897381861297e-03
6.029720058896431700e-03
1.404193834838362643e-04
3.294546222134064374e-03
5.848736684523416651e-05
9.183179044464729939e-04
1.500754016501508470e-03
1.827592296137594413e-02
1.649474935818038245e-04
1.548169011045940902e-01
2.802520112923901317e-04
9.834490828233928474e-04
4.169735862820588349e-03
3.460440293977070942e-03
2.594187782335075597e-03
1.314398580369232662e-02
5.856802383331029174e-04
3.077465403142222444e-02
9.122021141815095380e-02
2.347875219274558987e-04
2.749843743748167733e-04
2.023803334253768777e-04
2.410238459707789074e-03
4.597036639586830203e-02
4.655873094555199598e-01
2.244342877776121098e-02
9.227355540347406866e-05
6.912352034237851999e-04
5.678081763403107301e-05
1.262508221688636275e-03
2.779844457428491331e-02
2.026444367405506593e-04
1.647375554393272360e-03
6.875399331450727462e-04
5.238236565409221807e-02
8.968596301227423073e-02
2.048561577210121997e-04
8.682402673382764568e-04
6.749021026721403471e-01
1.267448695566062988e-01
2.891834630380681601e-04
4.727595889799218916e-03
4.460110373616030244e-04
3.403691805243768548e-02
1.433885200344723861e-03
2.320089718569413526e-02
5.420617193100989856e-02
2.326428873883662658e-03
6.023005577055125584e-03
9.615403879678983533e-04
1.489498277735409448e-03
1.584065844530496920e-04
1.204523559609665603e-02
7.287373317109124534e-04
9.877415363564911316e-03
7.405615303872275048e-05
6.963730012750062731e-04
3.122511468273713332e-03
2.058913413257324870e-05
1.737237825348047051e-03
3.710261544060486361e-02
7.724040703557372270e-06
3.235097505874823080e-03
1.173348644603665059e-01
1.014265736830511651e-04
6.000187643103439784e-04
1.142463348318345983e-03
2.610810561673785821e-02
1.884933003581934149e-02
1.546199164853997478e-02
9.043789405857545483e-03
9.758587943543854670e-02
5.015552943957890964e-04
6.025962141744284004e-03
1.732100955491865405e-03
1.890575903843103468e-03
2.080737217844034481e-01
4.997451187504344493e-03
8.768459822548246895e-04
1.503518625747598050e-02
2.812486990197934390e-04
5.464285983102115489e-03
3.678972331610274232e-05
4.252246630872795626e-04
3.577664339192581397e-04
1.403651930339903930e-02
5.406001107638047469e-03
2.808455506070677184e-03
2.723741639292606600e-04
1.657368498472248876e-04
1.633003883169875832e-03
4.053146662316267461e-03
4.521981330699258563e-04
8.438337419748384235e-03
8.693511007095332255e-03
2.330291308085216356e-05
5.638812595298265751e-04
4.943224464997474820e-05
2.488603490129781270e-01
2.115593224785616844e-02
2.128795463446311442e-03
7.370235935040437972e-06
1.585313355111320644e-03
1.361434290925764940e-03
1.272522315181363328e-01
4.050988810571756792e-04
8.103207717398866841e-05
6.946391271545456804e-03
1.230565130418016535e-03
3.803543951531772049e-01
7.999240744778765913e-04
1.191844528918717264e-03
1.424927740342306116e-05
3.727498055748421166e-03
3.800285874635712415e-03
3.542813563691629090e-03
1.726784148048613188e-01
2.104686500919101481e-03
1.311343611887701710e-01
8.875063294091313504e-02
1.047825555319833457e-01
2.551544307577556861e-02
3.152521588654807333e-02
4.550593783056633770e-03
5.190850356858165739e-03
1.998333746348876158e-02
1.439109554705119039e-02
2.100590024569012025e-03
1.693055941577000234e-01
7.192527060510218789e-04
1.242556735518968560e-04
1.482398366282966853e-02
9.109018956671816828e-04
1.731513783109616279e-03
5.571057123826388542e-05
2.110965215286515848e-03
7.297680323301344429e-04
2.532852433214761523e-04
6.943289869051672003e-02
9.515073444870119235e-05
5.188852694208748954e-04
7.180745245754355244e-02
1.259147200499680375e-01
2.298326674477415427e-02
1.307035294115580122e-02
6.561608636455419641e-03
2.909747519665801131e-03
1.586722211534793286e-02
8.157333736645344668e-03
5.737762627141412136e-02
8.004208289955873357e-02
3.274596573205650757e-02
7.598040175752536138e-03
5.181699096060302621e-03
7.087286628975452817e-04
5.749937769480158812e-05
5.582710716901327641e-03
3.090393703384061719e-02
2.023445062428628691e-02
9.504210146988989472e-03
9.077147369788719430e-03
1.278102445676643087e-03
1.394292215113463384e-03
1.138863073518207591e-01
4.931302339967399972e-03
2.127302218317542182e-03
5.274718002654148891e-03
3.796767235014902875e-04
6.181426021220999545e-02
5.215744947825953770e-02
4.715224681567772858e-02
2.952605532865611518e-03
2.319608883270644038e-03
2.024330293532662986e-03
3.243645540147425954e-02
1.564128577381320925e-02
4.418459885674910596e-03
5.965190224541240191e-03
3.511529769636325543e-02
2.835078409146732977e-03
7.799056750696896530e-03
4.122169178012237423e-02
1.165076008010855133e-02
5.994898365610822267e-05
1.523727937614120440e-02
8.436981466610569275e-03
1.925202423160855955e-03
5.871379737424197581e-03
1.453715975877298110e-02
8.346803371173210362e-01
1.930254674559617536e-02
5.502567174728340005e-02
2.971872335375986413e-02
1.510305622377102787e-02
8.438966925052058393e-03
1.444660551309892016e-01
2.424521337880352994e-04
2.897320056997259121e-04
1.895468470677865586e-03
1.063047522235752683e-02
1.940112828578857349e-02
5.017816741083187468e-03
2.945492493957293980e-04
1.801960223847321707e-05
4.540718412837237497e-03
1.237930828908152120e-02
9.684231561098352039e-05
5.195530586945158735e-02
1.944625322110259125e-02
2.212641168832169599e-03
4.281362529795116017e-04
9.126306415284650420e-02
2.262071842850541664e-02
1.894247255788243829e-03
1.029669051508680204e-02
1.670245145307215585e-03
1.004422406496126730e-03
4.322589991190820338e-03
1.007263277819614097e-03
7.421573704131123952e-03
1.124661403486853541e-02
9.695624867951908865e-02
1.514601352276079403e-05
1.561910699659917016e-02
1.198024684824973152e-01
1.743616932244576936e-02
9.535687860160521959e-03
9.189011119938039068e-03
1.416719012875980802e-02
6.971917364292671768e-04
2.018847272978878948e-01
2.004871789351767367e-02
2.678462165565835204e-02
2.523865518424139691e-03
2.417341877790092880e-04
3.966252518912892987e-04
2.078502971895139148e-02
3.827092661556053248e-03
3.478588438578264497e-02
7.953729531453422759e-05
5.443125932735538158e-02
1.336171204770600146e-04
2.105455063219131319e-03
1.934312677804374356e-03
2.051651054528946805e-02
9.608873035635291660e-02
1.093326846407362751e-03
4.655914379552532345e-03
1.041149554731382902e-03
7.982770296358383398e-05
1.349913751235593852e-02
3.543224581213963442e-03
2.355173010941321102e-03
7.539512538271452751e-04
3.823240199477909856e-02
1.832407611460752997e-04
1.923729940340134295e-02
2.055665717774330867e-02
3.767414772886897213e-05
3.272245499543626531e-03
4.124536648198779548e-02
1.490648503928001557e-03
1.625505691063237467e-05
5.554897761463667340e-04
8.289819930514839147e-03
6.368575901922613868e-04
1.425537874928357596e-01
8.794352275385568154e-04
5.740192799695778211e-03
5.459864212114596757e-03
3.684861881078862859e-03
1.064833526023563603e-04
2.653801238544872126e-03
3.466259642406213648e-02
2.923455999402716551e-03
2.972748830464672066e-04
1.489587584133462810e-02
1.804900426788099235e-04
2.259211006691709545e-02
9.428590131582734180e-02
1.698735886731165645e-04
4.803037975855117001e-05
1.707059003586036960e-01
1.147486194260537301e-01
2.712287204198174896e-05
3.637955207056623808e-04
3.423668375720168022e-02
1.694687095519528544e-03
7.143310128163678219e-02
4.679373003142157927e-02
8.940457351027962518e-02
1.113572788891193516e-01
8.553393715691318122e-02
1.580588528134368662e-02
1.345556570389145289e-04
2.924091683462112096e-02
7.131003749871473851e-05
5.424043111195944733e-03
6.414725600515512882e-01
1.300098288790173945e-02
3.909503047759079197e-01
6.090316180045344217e-03
1.606476908823429445e-02
5.777931546396717265e-06
2.746087411728805131e-05
5.292735010483983621e-02
8.493630416835156183e-01
1.783513889455310697e-01
6.560767858680505507e-04
2.308719460847322906e-04
3.591493031343673931e-04
4.859764070152074178e-02
7.371978479451721245e-02
4.237010844859048862e-04
4.379650634301023721e-02
4.371219567413936989e-03
2.734475921351860461e-01
1.670211363009058026e-05
9.672628806581341819e-04
1.173323171158552298e-04
3.111990671459096899e-02
9.244957603436715354e-03
1.849048853220377651e-03
9.706022579541179196e-02
3.122402033581481509e-02
3.620159217313666700e-04
4.375989400025522696e-02
2.535278148941810458e-03
5.412166944935887375e-02
9.567318465874489197e-01
1.864224176940093266e-03
3.489466159751683765e-04
2.193211813816787759e-01
6.024643580879255333e-01
1.479113988077022761e-03
3.807950795415554327e-04
1.542553790841058071e-02
2.613702719936355189e-03
7.433240915949766801e-04
6.062282373977837674e-02
4.298107289037947018e-03
8.223697288781627382e-03
7.641656714440989151e-03
1.027885368925090907e-02
6.693022525853967175e-02
5.301348953642973094e-02
9.548333323812710906e-05
4.815012316817380406e-04
1.541625346952105310e-04
1.911914821471105350e-02
1.683530254790567560e-02
3.652950787004217732e-03
5.251562767087340766e-02
3.586400238736087848e-02
1.905945333793247851e-03
9.707241030235782761e-03
9.620222254410368268e-02
1.056240312586331992e-03
1.155336504761088259e-03
1.550155965117081848e-02
5.214955601075486197e-02
1.206418753772694552e-03
5.448789087356804839e-03
9.519312909577535946e-04
1.047777861796213988e-02
5.582332497970744030e-04
2.879352716898133258e-03
1.371482079013965061e-04
5.514385846715367861e-04
6.160792325426815708e-04
1.042197375108448211e-02
2.288269616431337292e-03
1.927610117750325506e-03
2.973934135669548118e-01
5.585839681556696856e-01
8.124629757247847292e-03
1.296391325941412162e-05
5.041013737224439920e-03
6.363020716158964210e-03
4.691237202711328854e-04
4.882152927982955082e-03
1.180526837239042198e-01
6.809432799276603047e-04
1.719986721637885643e-02
4.572560267058547838e-03
3.437005845265203585e-02
1.153222696042263999e-04
8.112036808512019040e-03
8.359962870358530768e-04
3.618622705168877008e-03
5.545334066181527343e-04
6.839262730840442667e-04
3.108204194353061576e-04
1.925999735210672664e-02
2.049574868606336003e-02
6.936575452804334685e-02
1.347527743406927263e-02
3.298481177153898998e-03
1.495454344665587965e-03
2.597750315066359519e-02
6.350127122785867995e-01
3.378967710482123910e-02
1.011911128536592715e-02
9.132733986833800740e-04
1.584617201104781886e-03
6.399646296690882953e-03
3.041218913594296615e-03
7.805399681502305734e-04
5.790984860606395498e-04
5.695208386581408593e-03
1.578962747762740614e-04
9.150183485938229860e-03
1.549682222164651575e-02
4.081982993780041823e-04
2.509135198925559196e-02
2.269506549441263621e-02
2.691228145022662543e-04
1.409261028636546724e-04
2.373651491959000940e-03
3.293840043061027623e-02
5.550411973496966085e-03
1.601009610885812534e-02
1.197860177097809752e-03
2.811531869414835298e-04
8.109147410544846309e-04
3.564505391275861251e-04
2.731934842309828647e-04
4.631755770906278470e-03
2.591086866171606329e-01
3.075018659176070174e-03
3.554599612694755908e-03
6.158334079340251760e-02
7.920976385987868766e-04
4.671206475445437156e-05
2.402033953088484886e-01
1.908679767271283592e-02
2.465761647119926736e-02
3.737721781373416763e-02
5.197542095894828519e-05
3.013756007824734597e-03
2.814417610378096204e-03
8.568133663550957582e-03
2.222921280960757917e-01
5.085290269561193124e-05
1.697266006548864324e-03
1.924149120404086699e-02
5.560047049078885306e-03
3.258616579162899727e-05
2.051508907350216293e-03
1.897428520542658072e-04
1.057286068208421019e-02
2.322424355132438663e-03
2.188017530050292633e-02
3.319720592813761584e-02
9.695477925645447359e-02
3.452411504663545627e-01
1.451351008733070503e-03
1.969286464790221680e-01
2.754136800914893778e-03
1.879968152285454736e-03
5.080105401536323629e-04
1.140139811638484721e-04
8.780163726061333829e-02
1.067029236503801750e-04
1.349271727241255908e-02
1.907210481065587521e-02
6.409773379668541951e-03
8.072113266532324194e-02
6.090617970418099603e-02
2.689538009699422795e-04
2.333879630179136466e-02
1.055168685159262894e-04
1.273745635752062922e-05
6.656222936223714706e-04
1.630908977801641012e-03
1.123159403502342309e-03
4.199736541005140130e-04
6.120639304726819413e-02
6.563221520405882175e-04
6.540424953735435309e-01
5.837215676796870482e-04
3.157863012018345423e-03
4.518087743797405019e-04
8.631172218918104237e-04
4.184064243396926888e-04
9.288809632980259134e-02
5.544730014524983748e-04
2.836136347283045589e-03
3.159135308215809124e-01
9.822714508253710137e-04
7.778353387689360219e-04
1.692671598707112812e-02
1.657001228447739852e-02
1.625854349167365955e-03
3.908867864445915354e-05
4.026282733685222987e-04
5.245028893301605100e-03
2.105949142469945264e-04
1.765477369007325452e-03
7.483488110819037052e-04
8.096799283232188581e-04
3.997839522881090632e-04
4.336395271748666263e-04
3.394539391113635205e-04
1.630001315658747901e-04
9.500700308740672728e-03
2.405771468957254577e-02
1.731659012397628039e-04
3.124964407079727224e-01
2.189996663667310647e-02
3.123127127606165065e-03
3.147325449467740666e-03
4.537503972533876804e-04
3.060051103230467320e-02
1.632819650387397348e-03
1.934766245881813264e-03
3.723426723729409142e-04
3.368255735050612043e-01
9.627930658950532850e-03
6.970192424298378604e-03
1.035379014784411226e-03
1.106895686126917387e-05
7.850080958452717098e-03
9.358154606064528246e-04
1.940088123081784208e-04
1.650705620667452687e-03
6.679406727532807419e-05
5.261534813092271640e-02
1.422474853977313304e-03
1.519432999077273971e-01
1.335486900238590756e-02
4.406825884357400136e-02
1.056850459742367243e-03
5.330260536979884896e-03
3.019548597162488024e-01
1.216715203713522554e-03
5.081260166022210506e-03
3.450130857147366559e-01
7.902001239743760078e-03
1.063199653021205276e-04
2.573206571534852535e-02
4.737179051565196773e-03
8.623755544106763427e-03
1.982358174842864529e-02
1.093459830133168553e-02
1.375381542793613235e-04
5.044061853253172618e-04
2.367984754801849209e-02
2.332384572285114699e-01
1.675978403197990116e-02
1.572470329981327276e-03
4.641290567986617113e-03
9.150186504759560578e-04
4.682095193716921135e-04
5.591229499096844052e-02
6.373996308615584860e-01
1.574454112966455397e-04
1.830596015874469146e-04
7.436540407512578967e-04
3.037833236379139119e-03
1.607662721314107339e-03
2.641003729319091721e-04
7.581271735403758393e-03
8.002252236387295825e-02
4.891247201954188606e-01
2.445617894450636469e-04
2.976740487365041321e-02
1.582742118321162159e-04
4.714232474157842821e-03
9.999375463649623486e-03
1.159673771917059913e-02
1.463440243183682619e-02
1.730098838818467655e-01
2.554197484796557520e-04
1.588884078099558114e-03
8.258333083338094752e-03
1.788546662476801219e-01
1.680495833333961030e-04
5.557894697887380553e-03
1.642930441517789471e-05
8.528780387823262565e-04
1.582532769353984159e-03
1.780695197821963128e-03
8.107430248951268126e-04
4.640763495883453577e-02
1.561813047357661971e-05
2.215987693539308093e-02
3.597154902203300759e-04
9.739059462142913778e-03
3.262811486636873603e-04
2.094501786337661306e-02
3.169439621770800408e-02
1.364027412356821900e-01
4.623636230616036988e-04
1.992588719773166761e-01
1.135577231780567353e-01
1.923324694016935454e-01
3.206070592814504183e-03
1.401375170387212654e-01
7.552037333708636838e-04
1.712565698812981430e-01
5.278700384467234843e-03
1.246076717233582680e-03
4.533348634740814480e-06
1.358991816696704987e-03
9.756567379802150511e-03
2.228408822010617425e-03
6.144762470040079916e-02
1.664709102482856903e-02
5.015138704099976821e-03
9.925408277681319058e-04
2.446997834447315820e-02
1.230488387347873983e-02
4.457751825605886509e-02
2.917775469159436877e-02
8.247871274856023727e-03
5.133377106575567200e-02
1.055644140408349991e-03
4.069071997531050876e-04
2.225083625378173984e-04
1.905728426229656020e-02
9.880695077153354988e-02
1.884025880760619928e-02
4.117491819300492933e-02
3.992160055863156615e-02
1.776949075483331389e-04
1.439154768075355268e-03
5.136052173602437439e-03
1.965504804811200046e-01
9.951649649494751296e-03
1.360000572080270476e-01
2.603480974756987396e-03
5.604217928658962108e-03
5.269269200070946825e-03
2.253644436721408476e-02
8.518233180960548684e-03
1.013982536074377848e-02
6.265731812081773433e-02
3.087932625161877390e-04
1.231437611364828190e-02
1.592559929884301622e-03
6.908906880468901270e-05
2.151606302195859020e-04
9.943527501185039832e-04
1.738265921392787711e-04
4.369339617374545445e-03
2.189148234577651536e-02
1.683353162041926598e-03
1.132078582831413417e-02
9.845781518052468175e-04
7.098211225291080166e-03
1.218938280709894054e-03
4.662566677840902785e-02
7.921588084871978176e-04
9.852483360973893767e-01
7.595935002939577674e-04
1.701146263357875877e-04
5.098753816217720721e-04
4.169777853959348059e-03
6.108134925776943502e-01
1.320540065144983196e-03
1.928018926751804210e-02
1.796029269230967063e-02
3.982858870355321379e-02
1.326665001377008539e-02
2.726177900945576937e-02
1.835957215323926264e-02
1.335902611367532390e-02
6.364367599445708464e-03
3.086580046188415081e-04
9.850847615327751675e-03
3.113562798235210496e-02
1.337029711139461896e-02
4.626204377652369960e-04
8.699477097045807319e-04
2.169577930981793617e-03
1.649719427039268528e-05
1.877958060368139191e-03
3.130961277731487274e-02
3.817358112394423925e-03
5.861226886303398274e-04
1.893393404641718208e-02
6.191896829477627068e-02
3.979956980862300875e-02
3.889683754767761514e-02
6.993280576744561228e-05
1.607064509658909582e-02
1.357642898914738702e-03
1.586285747354920783e-02
2.295984564418943486e-03
9.347209418217291080e-03
1.001741118531134372e-01
1.389914905810856567e-03
1.586680410349320964e-03
1.960991407573623758e-03
1.541776631321196966e-01
1.157134084714455188e-04
3.795089917852615281e-04
2.552798283496357859e-02
3.198750118175574674e-04
4.810133670338829770e-01
6.815526282670737734e-02
2.532073279593300558e-02
1.134169989832699071e-03
1.455451782818574036e-03
8.636603500427228811e-03
4.743912215398651822e-02
6.850224457597166024e-05
3.882908447842043417e-03
3.305529102550834770e-03
3.719153816802672156e-03
2.084983486750302279e-03
1.255333572803246124e-02
5.785491543848893942e-02
7.887750784977878848e-02
2.468326149897536945e-02
4.608810413012298657e-02
3.495501889331394910e-05
2.800296170795373691e-04
7.197748884493691303e-03
2.976422166624278706e-02
1.508686296201932958e-03
1.312938663375781342e-02
6.607417156839213686e-04
4.454405156610756521e-04
2.459462324208002391e-03
3.874067073896429736e-02
1.879879458884471969e-03
7.579652617059614433e-03
5.026402540366806983e-03
3.931769967300781897e-03
5.177018225538430136e-05
1.168271941177185247e-01
6.296213699318215255e-04
9.318685664389227824e-03
7.332000134960385725e-03
2.079078049758981139e-02
2.675309652027663132e-02
9.001498196026914977e-02
9.326423143924969517e-03
3.466216350481074438e-04
2.386612849145046053e-02
1.216663194788450593e-02
9.762553369602879972e-04
4.234655971701180413e-05
2.614700241760383945e-02
6.638588171916239879e-03
6.748096472155423568e-03
5.596410224921918560e-04
1.407442825671606078e-04
1.556171084441628494e-01
3.056920055620095523e-04
3.377287513161759833e-05
8.557405540368609204e-05
4.760133282496687226e-03
3.010136638645236062e-02
3.496596412076103527e-03
2.700709553155709042e-01
3.992289472111996973e-02
4.467899582787066871e-03
1.137916048598588145e-03
1.255672217658445125e-02
8.343407312958456626e-03
5.073142537374774469e-02
8.038312101094839679e-03
5.188105711785365171e-03
1.827204411597299627e-01
2.471549527626921983e-02
5.942095315302553185e-05
9.782263387433352570e-04
3.951055848965354263e-04
5.084371520651935917e-04
3.150917633180559674e-02
7.640114895536957322e-06
4.692937912330289872e-04
6.862843497336353071e-03
1.344698812881461002e-02
5.720085071054594739e-01
1.406247489920241917e-04
7.998864352857003659e-04
2.556307809924770330e-04
1.680814360242946989e-05
1.427062098372533679e-02
2.455457151819594522e-02
1.894521118577957596e-04
7.697440386556279046e-01
2.117597413036670817e-04
1.379674613463629021e-04
8.477966265958531214e-03
2.395197777509432829e-02
1.989866328453001199e-03
2.726743926483196634e-02
5.581058595950114110e-02
7.182322173865359274e-03
2.719118147200713610e-04
6.944613328866936375e-04
4.263490870742874168e-04
3.046820984917405356e-02
4.092911664200155671e-04
4.399104407004198608e-03
6.272292501716057213e-03
1.046874309591292324e-01
6.313375317984197543e-02
6.283252522433904752e-03
3.120899134432986166e-02
6.040402213225022111e-03
4.515616487312658182e-03
4.326042854806406534e-04
1.940398835595571060e-04
5.513837668993473197e-04
9.527271694700255311e-02
2.445117546650243251e-02
1.080234831108001052e-02
6.957372341666989701e-03
1.159712377163553453e-03
3.783837496272633716e-02
3.205512094207133185e-03
1.743364681685478099e-03
8.202549535539685032e-04
5.592160276603993688e-05
6.177523099596543554e-03
4.764178951394990394e-05
1.057301453533977158e-03
2.799183476216974935e-03
3.758931960011927670e-03
1.270284036807572611e-02
8.378018569943415910e-04
2.171122199275322853e-04
1.562405612449055013e-03
8.988283392911598779e-03
1.501401047451818571e-01
1.860669562441587786e-03
2.215043914762346040e-03
1.222463485900464580e-04
8.056378653413913144e-04
7.487784942981265651e-05
1.381109671117124703e-03
4.534730418942622618e-03
9.866526414811671586e-03
5.000423635098345809e-02
1.408504419987314515e-01
4.094463581962066870e-04
7.546091905262810023e-04
1.892394235632405275e-02
9.495068715189070030e-03
2.386451758391469353e-03
2.194162730536286998e-04
6.385816528446619468e-04
8.562366145508726670e-04
1.508564992205847213e-03
1.482566132830039334e-03
1.365415413742806713e-02
2.297968434428509232e-01
8.153055663526777297e-02
1.830823405463780779e-02
5.791994794945485268e-03
1.808576293307138927e-02
7.665457355224515525e-06
3.068613515347773379e-02
5.265635738876327521e-01
3.038594569010705793e-01
2.356539527521291089e-02
1.371081924466258984e-04
7.434682184617111278e-04
4.909987836030492436e-03
6.784823944696598448e-04
1.259886802729849164e-04
2.397686183148420302e-02
5.935690729786702617e-04
2.298529045528337721e-03
4.763845396837182097e-03
8.068202209084760585e-04
5.144895249939822335e-03
1.723297830819647337e-04
1.448462057089087464e-02
5.382721579240335417e-03
1.029450713983394005e-03
1.009117162477609769e-01
4.528719626011978305e-01
1.868152455695082023e-02
1.576919836659603988e-03
6.296234865093492013e-03
1.007195165906263102e-04
8.822395031448326819e-02
6.895024671216365506e-04
2.510433407397359359e-02
1.371250829821597239e-01
2.389452607659398320e-01
1.266519759227388445e-03
2.011284587849250238e-01
2.005068686526597331e-03
2.480991097326810555e-04
4.789611420263770875e-03
1.250179275836613287e-04
9.619588424378738845e-02
2.063518676076130692e-05
1.111013931389842499e-04
1.434585031186918168e-04
2.448471657060316011e-04
8.243617383075161611e-04
1.503438339460123375e-02
6.631233640412648525e-03
2.194742544572220525e-02
6.240989520820957280e-03
2.963107801202398139e-01
1.136081346600854684e-02
1.620924955826358207e-04
2.595908070803153666e-04
5.003324812444901598e-02
8.489410771953562022e-05
4.631805197531774915e-03
6.281263200917365465e-04
3.201979179792958062e-04
2.867286808906794118e-02
2.742540532392111425e-04
3.664844033741377488e-02
5.094147583035248117e-02
4.285836921588882797e-03
5.663613095427771872e-04
2.100289953902016726e-02
3.837814365820722134e-02
5.074342060561642422e-03
3.027621413436022701e-02
6.545877616404281209e-03
5.255870354811387462e-04
1.499064484488710908e-03
3.567062890100956233e-04
1.190970254353139468e-02
1.584051360332188406e-05
4.108502339194427741e-03
1.003952313608465815e-04
8.439758400544146574e-04
3.935841759042797983e-01
1.309312944795544553e-02
2.797737338435392785e-03
1.893222147095923510e-04
1.516569151423271655e-03
9.023869002601419415e-03
1.232457513449314703e-03
3.607823913096282632e-03
9.713752622348354251e-03
1.550499302061757981e-04
1.422694141260986457e-02
2.947152322130287133e-02
9.532546697962989146e-01
5.206934050663467595e-01
8.867809974427398600e-01
8.307771987581860085e-01
8.628846508900798185e-01
6.145150143173640223e-02
3.092471242109502416e-01
3.463376480757208165e-01
9.544608216425838343e-01
3.975691340160696086e-02
6.506385790720855544e-01
5.929938756214024886e-01
4.555620292643557112e-02
9.633846503542914386e-01
8.428917807112070726e-01
2.816287046883023809e-02
8.200024896741973102e-01
6.663048665181461327e-01
7.542719370389151523e-01
6.200067527527456379e-01
3.250930607884238710e-01
9.864089909489603958e-01
8.891849402169912375e-01
9.194712360378956562e-02
7.811328455902263324e-01
6.553674508458330328e-01
4.838243643807004779e-01
6.401625329110134377e-01
8.806260277994176766e-01
4.146592787564162830e-01
2.085211387012847750e-01
7.938040963767218905e-01
1.206683774374004425e-01
9.220267454440710386e-01
9.919508075203017361e-01
1.571515637741421056e-01
9.277933010239161060e-01
1.391463798007198382e-01
7.559465092057674473e-01
2.426880080819140972e-01
5.489150817560096707e-01
4.320133080064767622e-02
3.261552954828137452e-01
7.925828552341670497e-01
9.226363528775037570e-02
5.475849276483685246e-01
6.453139450563956103e-01
6.075874853301260758e-01
9.656969508745166797e-01
9.759073017259657368e-01
7.589837438785310697e-01
3.464391431488847983e-01
1.854898290730393473e-01
9.189844514312961454e-01
4.171766404923815674e-01
7.553884435811555331e-01
2.450209952661294710e-01
2.007378956172614359e-01
9.863528111353904171e-01
5.043060882422879532e-01
8.720883403842645265e-01
8.467063662547190672e-01
9.536818716749071445e-01
1.389390677492820525e-01
2.678877920632995457e-01
2.244997584141309177e-01
3.132074691240786801e-02
1.956934516376837851e-01
5.790137784801646648e-01
3.590335630958593205e-01
1.265608623133618327e-01
3.458299742608259564e-01
6.471844400513147022e-01
1.215414964639550538e-01
1.349791677508508925e-01
9.601743957553988684e-01
4.945494614454273297e-01
9.187040164383801777e-01
5.968507504524344087e-01
9.930662466760117324e-01
2.788524369649975077e-01
7.725754635927289948e-01
6.702322002509849552e-01
7.469858541298954879e-01
3.889397422817281180e-01
5.591672976793103933e-01
1.215034250998776738e-01
5.403232762940113343e-01
3.331388431052369897e-02
5.541821332683048995e-01
2.916574010804606210e-01
4.884822326379432283e-02
9.051645672895667349e-01
2.791121224098810361e-01
3.308826400830936487e-01
6.103834190816223026e-01
4.291809787467029680e-01
5.291875476456860961e-01
9.265164543747388404e-01
6.601373943390977939e-01
